836
222
74
781
547
543
753
229
198
791
29
64
715
91
726
987
808
684
791
79
435
897
117
750
908
864
563
191
729
587
554
874
877
991
793
357
285
493
675
156
37
307
651
123
400
223
864
224
747
991
994
730
461
514
100
869
353
595
456
916
856
736
18
525
681
547
523
591
813
260
972
64
546
53
868
569
124
929
899
884
109
819
556
723
958
528
837
112
697
512
216
53
150
682
867
156
47
76
624
321
61
475
918
506
628
493
227
439
1
368
236
142
880
736
226
417
164
379
858
198
770
425
368
553
760
167
936
236
741
763
567
474
683
216
548
752
558
267
523
404
111
243
231
630
207
902
936
263
901
528
599
763
629
50
251
134
974
987
442
337
961
612
872
978
549
86
686
29
831
777
411
575
867
145
986
298
793
220
551
186
875
921
814
301
305
962
302
195
684
251
182
780
42
145
455
455
181
335
726
1
849
177
533
551
833
664
706
119
393
880
238
987
893
15
894
353
513
685
685
414
981
524
313
111
209
271
849
549
830
764
949
747
486
252
152
923
612
609
249
565
374
872
158
660
21
223
796
733
89
417
983
697
319
989
215
251
1000
547
430
89
805
610
172
78
300
570
169
326
754
705
202
241
251
817
105
8
693
773
844
225
383
119
954
38
572
817
282
409
403
680
340
950
938
813
342
474
918
392
894
858
898
716
41
592
931
716
333
865
859
25
558
869
436
512
88
235
750
330
837
419
710
700
490
838
215
321
640
661
31
498
956
181
75
898
1000
576
912
692
289
979
417
324
982
579
458
409
615
841
617
255
39
835
385
952
60
167
840
330
692
840
384
414
243
50
289
574
87
630
502
181
937
925
8
942
919
881
729
470
734
141
317
222
33
832
798
506
532
822
319
132
806
828
683
577
761
407
565
153
752
357
137
616
915
659
668
86
891
547
298
713
621
685
12
972
746
21
606
599
923
909
177
460
538
910
581
620
7
856
949
99
448
115
331
316
513
275
859
103
295
119
48
309
980
966
253
294
570
519
584
285
949
317
299
596
851
544
335
125
130
597
662
158
161
577
18
834
871
696
280
517
957
126
202
182
907
492
333
698
593
609
633
211
756
575
457
438
178
872
640
41
834
161
347
707
208
886
695
193
50
695
283
922
457
338
283
413
701
456
257
762
266
28
90
321
607
865
969
269
343
141
88
661
926
778
717
695
579
615
653
901
379
927
802
997
885
937
69
741
520
40
606
379
171
345
856
152
199
36
721
579
139
862
177
806
922
815
22
263
667
820
541
343
213
728
577
283
600
775
277
971
553
329
80
770
452
350
698
34
616
556
571
105
164
559
852
323
161
838
407
163
647
273
555
643
857
532
579
829
442
663
860
642
803
533
774
951
348
986
125
906
220
691
623
637
924
245
992
430
158
233
87
160
263
341
696
432
843
806
997
572
1000
179
3
93
934
851
758
372
122
122
24
728
290
489
230
340
496
856
958
107
244
56
191
790
185
140
688
624
748
644
889
855
133
866
261
392
138
759
742
242
367
593
591
907
349
561
32
365
778
196
406
961
438
639
988
177
808
659
677
942
155
907
698
551
799
465
951
934
579
125
69
318
769
539
146
75
239
100
487
895
157
747
314
948
218
314
812
132
818
390
236
459
197
131
911
166
289
4
194
789
213
291
666
183
184
157
234
116
570
710
499
779
76
882
577
250
619
781
592
603
862
213
521
863
914
536
614
164
456
15
185
972
868
406
845
278
820
633
615
202
280
40
566
649
119
509
18
958
797
122
806
731
778
508
163
703
715
869
59
812
45
105
420
4
693
18
804
917
497
791
131
132
705
555
79
77
739
827
256
360
289
438
659
682
826
711
765
13
217
667
556
820
71
622
901
805
924
320
403
850
963
88
464
303
30
118
226
404
876
361
708
289
674
150
880
44
510
518
201
199
817
701
108
988
370
435
407
279
685
79
861
818
612
934
638
901
71
220
568
335
130
237
839
644
10
765
168
106
618
766
193
827
996
715
517
117
813
542
191
794
703
457
604
498
891
818
78
762
156
985
709
330
963
863
916
240
205
94
98
699
381
461
6
398
677
449
447
580
263
427
706
768
505
687
402
984
150
664
72
930
2
834
509
981
549
557
587
908
411
964
578
917
408
437
817
405
800
900
456
295
876
864
933
753
430
24
670
520
57
619
795
599
328
957
81
730
181
364
731
436
782
304
266
276
730
13
383
500
89
530
654
637
894
354
825
503
62
242
799
447
816
349
483
670
722
385
432
765
841
564
