5731
4590
3051
3564
4662
7425
9518
9145
9321
3705
898
3863
9111
2917
5199
7905
925
4274
7839
7776
404
8839
6190
4717
9509
206
9794
8552
7056
8061
432
6534
1749
9809
2591
4085
9909
926
4566
3151
5836
7990
9550
8093
2026
73
9296
4944
3305
9477
1883
2721
5534
7337
2207
9679
1103
8418
2925
3382
826
9965
9707
6705
5297
2548
2816
6945
8758
3546
7082
6096
6399
4651
1539
8591
3883
7869
1431
8283
346
6595
6152
3204
3766
2713
7453
5202
2412
3042
5433
1995
7786
7771
2442
6894
3689
5266
4484
6769
4835
64
8618
7069
4500
9357
6862
2057
2666
3491
2960
1349
2074
521
7391
4702
5727
3696
2145
8147
8664
6708
3567
234
220
4607
192
6102
6665
1397
9222
9870
9341
7925
1708
6610
8350
2560
5373
6394
5685
8367
6263
7799
7130
1934
678
7939
2366
9116
8295
9010
3321
1104
8268
6844
4428
601
3750
8113
4701
209
4253
3918
1268
4744
1886
9646
9209
4511
6657
5201
4553
9422
6388
9943
4884
1014
794
7498
9176
6570
967
8923
5751
1530
944
2736
8401
7699
4636
7293
4382
6587
4430
3724
2990
1563
8539
6370
4570
6205
485
2622
3871
2413
6779
2931
2762
7106
7419
2219
655
6147
9876
8964
2978
6181
4480
8385
9693
1749
7024
5044
6033
2496
7566
9819
1236
8390
9183
1258
7168
6261
3297
2625
5947
293
5013
2582
774
3761
4903
550
1257
605
8584
8328
10000
1710
4457
4106
4976
9961
6910
4042
3158
1581
4491
9699
6399
9405
6218
6346
5020
8114
5008
2417
2267
4934
1113
2996
139
7296
5924
5256
6619
7035
639
152
4586
7195
1331
4100
7351
6925
7688
906
7501
6014
6593
2148
775
4894
7164
536
683
9621
6131
6474
2950
8351
5069
2031
6779
5994
2620
9300
7555
9524
6045
6318
1728
1400
9188
9068
5586
9440
4538
1816
4749
3418
3777
7512
9637
4465
8705
9150
5183
966
340
227
1559
9711
5184
1439
4361
2319
5569
3736
343
5150
4255
2384
5757
8486
3640
4825
7625
782
6663
597
7688
1012
1487
4298
8109
2480
5388
4028
3639
1851
4300
7220
1412
9242
8007
3513
6789
7976
8114
9784
1405
221
2804
1771
6083
6823
2987
2112
2226
8621
8574
9378
5794
697
7403
8399
8314
4142
6586
6674
425
5842
8794
2255
5921
6429
3759
8782
853
5790
5546
9067
6252
6441
1807
9676
2476
6779
6263
6821
4903
3253
583
5700
3160
4701
6916
745
991
2794
8988
7970
5136
8033
4161
6938
5789
854
3553
2264
7248
8611
559
4958
6671
2314
2092
8892
6092
2864
607
7335
8441
587
6895
3886
2354
5221
2789
9482
3693
4922
9084
1335
6447
6143
8581
8863
9451
7255
7500
986
4573
3469
4404
1303
1521
5672
1609
4160
6228
4908
6649
9080
4899
663
3473
8121
1729
4224
9812
860
745
9998
6674
3979
1046
5055
8644
9935
6013
2751
9695
6778
7202
3142
7149
2467
5689
2374
1647
653
6686
9921
600
563
4672
3295
8407
1429
3703
6288
5771
7841
2158
5517
1201
4758
5692
8032
5354
4236
5388
6589
4869
4163
1802
6199
3671
907
3509
9784
251
4697
9999
6577
7457
1729
5494
1278
7530
1309
4817
393
7628
677
3539
2807
9925
9903
3312
4910
3868
5902
1746
4180
225
1208
9811
3955
6509
9396
6457
6246
8838
9884
3891
3712
4627
9316
6285
2632
4151
8109
4986
5165
9399
6358
2575
3150
7545
9288
2795
4356
9148
2578
4854
1967
4499
9133
7372
5730
8204
8163
2939
3858
710
9024
8470
4878
3870
9856
6796
6331
3550
8820
5235
2910
1642
6243
7221
8961
2232
2455
8818
1052
2067
2396
133
369
153
2750
4971
7320
9718
7552
5063
7518
3376
4059
4712
4626
1939
467
142
9300
1740
2889
1618
9700
1833
7073
8661
2915
6104
7234
212
1398
9689
8142
2797
8344
4764
4676
6705
9484
2563
2873
6460
6093
6251
1764
9831
4858
6260
4960
2362
2445
8871
781
8606
3912
6412
1196
7941
313
6193
4083
3454
9430
2937
1792
1120
8318
7771
9132
2227
3570
4984
6461
693
4221
6020
3746
4586
196
343
5347
7327
9290
8270
4429
4417
3134
2890
7801
6504
4580
3476
6961
6370
2726
6345
4223
9053
1666
8377
3378
825
5291
1198
8012
5838
4809
6849
481
8081
2400
6586
387
1265
6332
1461
7155
8910
3467
9819
2448
6486
4276
3537
7623
1787
8312
672
8102
673
1167
7467
3933
9468
1406
4023
5767
4947
1127
2457
842
3590
2800
5509
3255
689
7271
9172
2978
6906
2891
2207
5894
7633
8889
2036
2989
3997
5918
7535
9578
8
7277
7333
5297
6507
749
8388
8135
7640
408
8085
8133
3514
2563
715
1882
9368
3060
2314
2374
1342
9741
4663
1293
3435
2260
793
7213
8786
7280
6590
6124
5199
626
967
9171
4616
3807
257
3086
3264
8297
7337
5246
4643
8108
2643
2594
9209
6395
5415
2003
4468
2282
6535
2438
5123
7719
6990
1188
4053
2213
6017
7817
599
3599
6621
9475
6034
2823
7537
6461
9261
9329
7561
6243
5842
6437
9304
919
6304
3824
886
280
812
3937
405
833
1799
3953
4330
7333
3275
4780
5881
1164
8754
8731
1313
2922
6248
6145
8070
6384
4691
5806
8923
5540
6970
4030
7874
3301
5004
3615
9475
307
1683
2731
8539
5793
7082
9635
8510
2410
5785
8121
9632
756
6663
2464
112
551
8384
9243
8474
4425
1405
5220
5171
5405
7916
931
7224
2495
4805
7542
9002
7367
9063
5740
2021
3804
7355
4471
4293
4226
6953
4325
8861
9752
9600
6722
5409
7947
7423
3771
7391
3230
6312
8625
4270
4479
1143
1948
9882
497
2710
3919
3588
2509
7318
730
6636
6869
619
4367
2789
217
6125
3637
9028
9664
7537
6993
129
3899
2770
9781
2243
7737
346
6274
6026
7032
8951
6333
1205
4490
1924
5843
2051
1571
3959
518
2374
6193
8776
9812
3594
1950
9777
8407
1810
5219
3686
1816
3276
1053
3231
6755
7370
393
2102
4255
9380
2613
1918
2071
8627
5485
839
6032
1548
5987
7900
8997
1663
195
8664
3443
5088
4042
5732
5654
5425
5084
8422
9137
5371
5544
6792
5889
1636
8765
9299
6575
9928
8942
1353
2061
6275
880
4959
3158
7356
3296
8159
7380
2361
3737
8913
2199
9700
7642
121
6518
8000
4599
9559
1392
6882
2259
3952
193
298
7524
2048
6681
8638
3701
4624
1199
2326
2559
7214
5779
3579
8616
3227
4798
6086
2139
8491
3315
6022
7922
1458
2497
6807
386
706
8258
2827
8084
5537
936
4085
9963
6689
2633
4835
7995
7229
5096
1677
9568
3582
516
8463
1081
1989
430
6282
6864
3330
513
9982
5315
9482
7894
3281
5666
6508
2915
5858
6153
5189
8598
2476
6221
4533
7862
4590
3193
6622
6958
3035
4042
6390
2983
9260
7409
4131
178
3942
7783
2738
1245
8137
8976
3909
8041
9987
606
1379
9434
3620
81
6940
7373
4907
7143
9258
3992
3852
2366
7792
5425
9175
373
4404
7846
4595
3160
9960
2271
8133
7624
9355
4802
8566
7262
1392
8866
8787
8992
5973
301
1561
9741
9951
9549
7596
9393
6296
5536
1611
6951
3609
3525
4419
200
3083
8410
331
1518
2451
5534
8266
7832
1956
4082
9850
8961
7560
2375
7324
972
5413
1396
7690
5890
5025
4916
3213
8183
7646
7634
4369
2854
5342
2375
614
1904
5636
6856
8032
1693
8183
6626
177
4147
4215
5355
8425
4453
5691
1915
7615
3601
2926
5473
6803
7305
708
6595
5232
6113
327
6467
6892
5391
4696
3043
2219
9750
5309
3780
717
1443
5083
5037
8419
7360
1705
62
9464
6553
5979
7696
5450
7007
3270
9635
2174
9033
970
4834
4039
3819
2428
7704
9249
4630
637
9180
2779
139
1643
1171
4339
9362
4439
8968
4432
1521
2281
534
6275
7421
3417
3597
5111
5916
311
4759
5248
4497
4996
3876
2434
40
4623
1552
4772
3594
2033
9043
6435
1088
3743
7766
9815
6119
3322
9329
1131
2852
9729
4551
9924
2698
6185
7438
6007
1578
8871
3939
5148
3994
5196
7830
4659
5186
7344
3471
1370
9119
7001
5731
8630
210
6058
2158
2508
2656
7717
9001
1230
8811
2363
9897
1319
4195
2540
7419
7049
1221
5425
2644
6569
8851
2178
69
5176
9535
6503
312
4593
6527
4545
7521
3378
7543
4057
6402
150
4950
4919
973
2322
9307
6978
6260
5729
3885
9440
4544
2027
5701
4902
7515
1436
2287
3478
4159
9212
7152
2376
9329
6295
9816
4503
4850
5618
5019
4777
1538
7435
7801
7723
6508
9252
3136
6988
3836
5157
4358
3404
2459
8538
752
6149
1249
2348
7201
4700
3993
6631
589
8717
7677
4974
7301
3135
103
929
9353
4484
942
5630
2783
8986
1332
5645
6921
4909
9833
4528
8805
1037
3525
5905
4992
1058
9295
8318
4853
195
6192
2278
5831
6974
403
6451
1429
1432
41
2658
4257
5928
8758
1373
4219
1618
6578
3821
4613
6955
9395
2464
3846
1160
2521
3536
4506
2776
5938
3797
8766
8565
3021
7793
5630
96
7590
9635
4524
5033
6576
5322
1280
6866
1833
6969
7126
8141
4833
7862
2502
9750
5073
2176
3372
6825
1861
3062
2802
2083
9602
3551
9224
4922
8987
945
2536
9536
4418
1703
467
2407
1358
1830
4740
2958
9090
717
5263
7926
1616
9338
2877
274
1566
578
9994
6442
4567
3024
8471
6411
7764
4450
7372
864
9133
8476
3960
153
549
7670
3276
3135
2341
3596
5261
598
4124
3042
8529
4255
6486
7767
3787
8766
4408
7707
2759
5133
6901
898
5044
261
7335
3218
9813
6892
8684
9607
5664
7018
2895
6074
4734
375
107
8474
7640
6260
6344
3200
7075
7819
3127
2053
8316
4965
7481
1970
745
2402
1490
7951
9128
8423
2157
7154
8516
1743
1333
315
8740
6231
1938
2648
6675
2052
8578
1374
1423
8387
4294
2364
427
8695
9847
4655
9697
3411
2162
4674
3960
7821
7514
9754
8362
2672
2889
5074
5133
5862
4754
8383
9230
1903
6888
7200
8205
105
3568
617
1612
6475
9582
6906
8354
991
5465
1674
3777
1552
3761
9013
8792
1531
8460
8694
6003
213
1750
7604
967
1995
4381
898
1612
1862
2946
5021
5961
4647
7407
6215
7556
3237
1885
8603
8974
8437
4522
3991
1400
7970
6270
2648
3791
2303
2680
7134
2667
3598
4269
9732
2181
5778
3841
8100
1706
1330
6589
714
6156
3903
6137
5136
9190
3111
3834
6135
8350
9938
397
7756
1025
9202
7261
2332
2447
7931
4883
8899
8502
8797
1979
7760
9511
6315
6456
4920
3600
5757
4891
5049
5864
9696
8388
4438
3013
873
2811
6878
1735
1705
3531
5992
8685
3
7855
104
1294
945
9597
8481
1800
5860
7522
3051
3207
1801
9672
2988
9379
6598
2877
9240
4938
6210
6753
9543
2898
6962
4868
3577
4143
2473
201
660
4447
6651
7337
6203
8520
919
9347
1205
4265
7886
1730
4189
1751
8581
7354
5834
737
1823
2110
6727
6759
9774
4045
5684
2138
8174
5443
821
4732
9238
2996
7701
6028
8688
5826
2961
849
1936
4451
3697
8098
7199
8168
9333
7335
3315
8967
9200
9948
6302
8532
4522
5951
7358
4139
1791
5120
2473
796
7793
9630
4758
1322
1409
7153
2314
5420
965
4893
6017
9420
7322
9550
2568
3333
1703
1266
9292
4208
1896
6961
4699
1228
2281
6347
8036
429
1520
658
5341
6745
4021
1908
963
4952
3876
9079
6697
3338
869
5707
1392
5716
7614
4265
6793
375
5152
7683
3085
4030
2229
8256
6015
8453
4435
7125
1844
6906
158
4781
1663
8341
3362
4633
2968
453
8398
2579
1444
2593
4461
4575
5926
1428
1937
7875
9619
6830
6669
3366
8106
5933
3775
8728
7120
4905
1514
3285
7941
9610
2834
8188
3904
3351
8544
9465
1570
7710
9386
2847
1145
2464
2885
4935
7801
9428
3742
476
5764
3348
4806
9400
523
6373
1890
2750
634
4194
2757
4722
1850
8491
3394
7629
2662
9471
7161
2282
252
3743
1256
1217
65
5765
4908
4499
2514
5592
384
1669
6700
9351
5294
6424
8761
2216
3975
3552
7456
7504
5322
4699
4616
5868
6139
1383
7947
6454
6156
116
9501
6193
3108
6648
7352
2098
86
425
5862
1915
7935
6969
2050
2116
586
4686
5530
9584
6655
9153
4323
872
4406
6639
1499
5283
3300
2814
509
8535
2414
1098
557
9977
2301
1645
5668
9458
8998
6684
7619
9764
5391
5702
6873
5767
5429
8237
5341
4499
7247
4688
6738
1107
960
379
4487
7566
4039
2587
3662
3848
8832
1721
4078
2498
7598
7008
1317
6203
3633
9961
27
7820
5677
2655
4266
2330
3675
2687
8562
2249
4363
9082
4075
3419
2549
2247
7791
4868
7044
5808
5627
9693
1431
1110
6835
8119
4225
3772
6703
626
4865
6935
2959
2368
2293
9352
5165
3029
6477
5454
8447
7715
8783
6222
9596
5135
7167
3235
6223
8512
2698
2900
2336
6340
83
5964
3980
9720
6559
7947
9543
1246
9558
5612
7561
9869
4187
6095
4000
8780
7540
9992
6436
281
2365
199
8584
9227
3437
9531
4378
41
9380
5440
5030
4464
6666
2233
6359
5306
615
4712
7408
4636
5918
6746
9689
1079
9340
4215
4795
7966
1436
3236
1006
4154
1722
9643
9337
8243
6815
1741
4537
6857
6630
4565
6620
4714
4781
4580
3455
5084
2190
8218
7142
9597
6637
7594
892
6626
6129
3296
824
3165
6840
2743
6502
8604
6814
8648
1963
6827
1340
5150
2335
3739
2480
2120
2703
1075
6934
6164
9377
5533
2112
4534
6175
7074
1626
1499
3621
4988
7746
2202
311
570
9681
7131
5840
9744
4307
5801
3835
7330
4966
3440
5899
8306
4091
9575
3049
8990
3096
6409
5696
3898
8183
3554
8739
5241
3610
8347
3871
5022
2746
7350
4169
2483
7973
4819
7870
5208
1626
8379
526
1244
3790
9593
6842
1127
4309
8835
3392
9567
1745
1572
5091
8306
9950
1500
6738
5870
846
8228
2625
4845
1390
2872
2794
4281
5112
6763
9382
9710
6705
3376
8893
3571
9038
376
2784
3130
7344
6997
5778
5752
6489
6833
252
8672
7739
8895
5894
8237
9672
7849
4494
8815
3552
6618
2380
4308
3679
5578
5526
2766
1631
887
5966
3602
657
3825
680
6441
2664
712
8981
3980
4631
3984
6829
872
763
6736
7369
181
3700
4802
2735
9789
5151
2996
8971
9088
1738
6824
5711
1206
1278
4423
8655
1574
3612
125
9804
6852
573
9508
2045
9317
774
8060
8810
3511
7628
4070
9453
578
6644
4970
4596
3379
7619
7885
7082
9561
9334
8828
3227
6082
498
6882
5635
84
1536
8377
1112
1783
9248
8462
9330
6808
7094
5054
2982
7794
2990
2580
162
4969
4779
3547
9526
3611
1152
4018
6239
261
684
7816
2021
492
8137
8104
8546
791
5378
5581
1895
1154
1092
4387
201
6627
2022
6506
5969
4235
6389
649
6911
3643
2226
882
7862
244
7156
1095
7772
53
668
3536
7881
4136
8044
2995
7092
4927
4643
3099
3201
6215
4223
1869
2883
4171
166
9676
3743
7875
5124
5102
2058
4083
5667
7522
4404
7814
4987
8820
3342
8050
7081
5488
300
7620
6556
7089
3590
3103
5083
707
6501
6013
8785
7808
6782
5140
9742
8098
6459
8515
9258
7681
4679
7301
7118
3588
273
4380
5770
1089
2096
5981
8445
106
5372
8883
6465
8035
4195
6459
6419
589
3971
9317
7536
7384
8090
333
6883
2775
9643
5236
6080
1049
52
4715
3229
618
6383
8971
1410
4891
2508
2599
6635
6318
2366
4172
4543
9040
3355
6252
9704
7933
4126
6131
9157
330
8773
6510
284
933
9429
4696
7807
1884
539
7853
3045
1815
2749
9204
4136
4393
9327
8583
4387
4733
4455
5720
21
1272
1040
9979
2020
3882
6970
5797
1254
9304
9282
3770
474
188
836
1057
7265
6451
581
9892
7866
9506
3613
4027
7758
122
3237
7615
2680
630
2271
8286
4031
4107
2371
545
2343
16
9602
8544
4535
1499
6863
265
8818
3477
6568
3312
1389
8159
8860
8332
6670
50
6139
7935
7267
3062
3745
3618
3082
1234
9559
7885
3746
2500
1530
8597
7493
8505
3163
436
4618
9832
6959
2216
5481
7481
8345
3827
1679
478
9790
3935
4659
128
3928
3730
8452
7571
6764
4687
2299
2968
1180
283
5519
1544
8354
9478
9757
5566
6686
7016
3066
6360
3713
700
9100
5729
7432
8712
8254
3591
3066
4071
9886
4948
3080
2062
8164
4485
3798
9932
3527
4149
6951
4153
6453
8058
4584
5755
3014
7877
8533
6316
8303
2542
3695
2289
4419
1870
4281
4011
5102
204
9174
9653
2867
2858
9537
1922
2510
1336
1447
8180
7628
6196
2235
5673
2778
5506
9081
1183
1202
3895
740
3977
3589
7830
7222
9080
9347
1042
917
5818
9470
6562
9906
4796
2654
5319
2360
2367
5681
2877
4940
4206
5830
5199
4509
5944
3284
8412
7259
3060
6183
8988
6796
5991
4960
6054
6298
3301
2843
8943
2868
7145
6654
894
4824
4486
9493
5102
5860
8863
4021
5331
833
8821
4090
8205
4752
7664
1801
11
3174
9948
6917
2157
2659
3717
5766
490
7558
5928
4807
9108
7774
7541
3716
5997
9148
501
2284
3996
2926
4790
1055
1528
9431
7943
6288
742
3639
9988
4329
8540
589
2514
1613
7157
7056
916
2048
9782
5755
2940
586
3136
901
2038
6505
3851
6973
903
7872
3675
8992
3994
8641
7781
2077
2042
9397
3096
6654
1453
1439
4177
8715
6796
9233
2545
6297
9833
9872
7703
5879
213
6068
5571
138
7693
8480
733
2945
2371
6167
4333
5337
122
3749
8996
7354
5666
1319
7917
600
3224
2152
3817
7514
9707
1975
4106
625
9270
7125
7393
1268
6983
5361
3419
5303
8327
6822
5769
9291
2486
8544
9682
5585
9709
9312
7352
2652
5018
2409
6590
8786
4036
6172
6503
7246
1774
6629
5371
1689
6552
7291
7843
1115
9152
9890
3880
6009
445
9215
8990
8780
7208
3869
4638
6139
4835
3313
8238
3099
4654
5273
5081
8646
4120
6872
8275
6721
9174
7984
4898
4224
4373
3173
740
5067
5160
2678
174
5418
7148
4465
6673
8352
5063
8640
8297
8609
7625
6083
2568
9596
977
6749
8433
8771
943
3294
3570
5029
51
7309
859
4247
1408
3958
554
4271
3982
3794
659
4969
6155
1513
2085
3786
4689
6315
9627
6066
477
2450
430
9451
1540
4241
4500
6992
7469
4080
8822
1584
270
6266
1580
9739
8437
4932
6820
3931
7614
10
4887
9552
9271
21
9013
5823
1046
1205
2362
5475
6320
4355
9238
6095
4544
9449
1543
5384
9885
3078
8865
6319
7997
6092
1458
5889
203
3539
3941
9924
3033
7518
1503
6456
8259
3130
6921
8895
1304
9655
9506
1077
6461
312
136
6656
4574
6921
615
6191
7833
3920
4319
7686
9919
3637
4752
4429
8133
6994
7260
7341
825
1839
8232
1364
2616
9419
8303
6406
5308
8000
9675
7685
4690
1506
339
6964
7426
7635
2464
4344
1444
2962
682
5242
3208
740
146
944
6580
3801
3964
4198
1567
2438
6051
4663
9715
1487
4018
1578
5082
4415
7563
896
7970
1764
3567
3187
455
410
5256
5630
2513
3109
917
6571
4439
2432
9242
419
2437
7631
6190
9323
8716
9530
8367
8380
1476
8284
3794
7957
5728
4467
5601
1522
4753
6348
8616
596
5756
6663
4155
7779
8986
2542
6611
6992
1800
9436
9398
9593
976
2285
487
6187
2012
1768
2959
9241
8896
9837
4495
8312
4958
9853
7066
542
9085
9672
7701
8430
4652
6003
8875
2975
6182
7426
3489
9231
1000
1097
8658
5481
8481
2097
1783
2592
7971
3431
5884
1315
8185
6303
8049
1357
3802
2468
7422
6750
6596
2655
1677
1012
7699
5930
958
7788
4708
6208
3279
4744
2973
429
3771
4887
1871
4389
1134
9155
6841
5971
98
7743
6601
813
4551
9675
4922
5680
5968
8588
1437
1597
2544
6455
7926
6682
108
2926
8645
1189
5813
7278
416
2976
9710
5262
5304
2028
4752
6790
6115
1232
3080
1866
8258
525
5900
1021
4264
5907
2762
3727
5823
5969
3190
2122
5576
5089
6699
2985
8443
5896
4271
6925
4691
9297
3377
3240
8633
8124
8457
2892
9916
7630
1255
3936
246
1023
8725
4400
4185
5047
1060
721
8993
7690
2024
7790
9215
8736
2015
2419
8778
3773
5979
8422
1020
2116
3658
9546
2527
7918
2377
8735
1051
5700
4748
697
4726
6744
2898
5133
3486
172
4874
742
7231
6579
3384
1907
8736
8581
5327
8173
194
8320
4932
5529
7681
3238
2685
2432
4830
7244
1157
8855
9872
7473
7610
2779
1717
2596
4079
5713
5920
3474
9937
5784
2872
4343
6157
1213
8730
1515
1686
9086
2568
8938
9523
5139
5333
4024
5215
6416
2545
4340
1248
506
2831
6335
5972
9991
2244
1104
5450
208
8557
6243
9566
6092
1849
3998
5331
9199
9064
650
9768
6697
7275
5714
8715
1047
1688
1958
347
6213
5253
2401
7035
4550
6877
4263
3374
9389
3648
7183
8421
3646
2025
9907
3539
8310
5392
428
1994
1633
4706
640
4263
4723
3851
9704
2421
6324
443
3038
8809
2262
4229
3163
5682
5098
9211
9579
8149
3278
3604
3298
3689
4908
8479
8982
1973
2924
7120
2298
5379
1900
8584
1584
1738
5733
9150
6730
5033
1209
8330
7842
754
5691
5856
7952
8231
2166
3360
7619
5989
7157
988
8420
6524
2562
7551
887
3906
9252
665
6188
2479
3103
8714
9294
5647
1657
3285
6460
1860
6469
7200
9207
8670
3015
2631
4180
4303
7286
3710
285
6033
6529
2906
802
5001
6991
3246
6039
1699
3370
3792
3611
460
8378
5931
9277
3572
9346
6893
3779
5802
6465
4829
2274
6368
3107
6306
3118
3884
4811
2498
9342
7913
2566
1937
687
3424
165
2462
6488
845
3494
7423
3224
433
7815
4792
1341
6488
91
435
2533
3240
9101
6769
2484
4941
1942
129
7481
1423
9961
1462
9835
1703
9474
5212
7428
6331
3959
525
2035
3356
390
7696
2756
6218
5092
688
275
5531
5585
7646
3214
4349
8429
3637
7392
2137
3767
1732
192
845
9182
405
2946
7398
7722
9527
1251
2898
6696
393
4552
8672
8576
6781
5552
5609
9185
1962
2848
5036
3318
2492
4032
5813
9902
3148
4461
6563
4429
5063
7880
8979
9041
6716
3036
7051
2019
5781
5227
1948
487
9802
636
1983
3895
8476
8467
9983
9217
4710
7388
1461
21
4336
8050
5696
6824
8558
3042
8583
4239
3277
4299
13
8325
5867
3081
8073
4674
9634
2247
2671
7097
2132
3176
9452
7351
6704
7645
3363
6150
4669
1167
4475
2160
9138
8485
3616
2813
6008
9489
9713
3466
5198
6240
6825
4962
7014
9212
9718
8563
557
313
7732
8427
746
736
6079
2096
7859
9268
9178
6506
9292
5902
5084
4200
3050
823
2070
8028
4602
3547
873
6849
3102
5329
1643
8089
7341
3506
3055
5282
1119
6239
5874
2352
8490
7923
457
5862
6451
2536
8812
6443
1447
103
2205
1769
486
1814
2586
1264
9386
3297
2702
3094
3856
8761
5667
4684
9684
8565
6502
3
4613
7188
4311
9732
8237
2723
6070
2182
2972
7569
3379
9223
4686
6568
4557
9047
2904
8631
5115
1059
2465
4094
8657
6212
1564
3604
755
4323
8712
4353
8038
6884
7553
7967
8572
3353
5295
4086
7094
1046
3081
9711
5002
2532
5170
57
6938
2955
1873
4131
8049
3911
9806
1787
4225
1090
9978
5849
8919
3910
2915
8280
8937
4345
4355
9680
9504
1202
4128
7227
7070
7035
7668
9566
2219
7907
3495
1687
9731
6642
8051
8241
9268
9968
4868
5587
9697
1466
8689
8913
261
9205
7600
9699
7307
8779
5632
9768
9356
6946
7811
3868
2591
5117
6735
4937
4184
7556
140
1998
3593
5015
3195
2640
4285
794
7398
2381
4076
739
5638
3818
3971
6646
1890
9916
9290
8589
6406
6810
8337
8150
5141
9877
4933
4051
1457
5212
5635
6000
7250
2623
1878
3590
3207
3399
5338
5944
8096
6339
4149
7092
6268
59
7825
4635
2709
5093
9126
6899
1873
4899
3989
2837
374
6770
1563
9458
76
3274
646
6937
241
3711
6620
9334
2200
3137
9778
3185
4787
2481
9132
7918
882
1490
4062
9633
7287
7974
1952
9980
3168
8167
5102
1315
442
601
6576
4114
5797
9194
687
6650
5854
6320
1935
4693
476
5779
5412
7337
7781
8727
3313
2739
6443
9968
6109
8831
434
186
8481
9808
3876
7489
8196
2659
428
3209
1743
4574
1637
3707
9282
1179
7806
4986
9107
2111
4944
4166
4357
9892
7420
5851
478
8301
9001
5071
143
2800
8745
5570
8626
8260
7229
8184
4295
518
567
3278
8517
7590
5630
6645
9897
5620
7167
819
8784
4284
1865
887
6930
2450
7525
9865
4870
4111
4644
7166
1950
4306
2990
3858
2181
2802
7210
1298
3087
1326
3382
4465
4572
1939
5252
7266
5402
2793
7265
5545
5754
4758
8853
4875
1395
6248
2358
2827
4775
9220
4447
4854
9520
8845
8155
3332
4056
481
7707
4662
2085
1201
4272
8790
4766
1864
9273
6547
7615
8001
8013
8493
3218
9955
7532
7165
6376
5140
316
8392
9737
9410
1428
5731
6863
1665
3095
6874
9173
2752
8040
2731
110
1661
410
2276
5241
5275
7528
6291
1979
3252
9864
3058
4793
7650
8364
209
3816
2742
8115
7201
5802
8966
2129
2728
185
1894
8053
2385
2740
1957
850
5667
9600
3044
1310
3995
4623
6391
6095
355
7668
716
9694
1038
1835
9493
1020
4209
6359
9286
8893
8223
2371
9072
5214
2906
1249
3290
7413
695
1616
632
1330
5538
9086
4103
298
52
5292
7874
9809
2419
2522
6614
3836
5232
5051
5958
9768
5775
965
6510
4155
8754
936
8597
3599
2953
3821
1181
8191
7016
7977
950
2586
9390
151
1399
7980
9442
747
9616
7426
1888
608
7875
3490
345
600
6636
2353
8621
9262
3922
1188
5093
5921
3112
5529
4369
8861
7347
7482
1884
3337
6928
9463
7722
6210
9059
3228
3936
5756
894
5172
5166
9547
4278
9007
6472
2861
1951
7834
8279
7186
4799
242
0
556
9443
817
3517
6475
944
8973
188
9659
7557
6734
6827
6413
5424
128
9009
8983
1352
7464
7795
4773
9101
4666
8219
7675
824
80
7871
9934
3699
3510
4209
9579
8515
9717
9805
800
9153
2677
8496
6813
9593
6130
7918
4692
5220
4004
5872
858
3372
1924
3845
9617
3282
4744
3081
6245
1218
578
5013
9032
801
1872
9009
9776
1047
4431
2311
404
5677
616
2225
9439
7868
7649
13
7683
9597
2422
6823
4782
2045
9178
798
7024
7951
1119
8406
2046
1078
2107
8538
2007
7207
714
4832
1267
4850
8829
9355
4911
6271
9761
289
1221
3272
6805
7179
7121
4931
9853
8672
8448
2630
5062
5526
5437
1404
3539
4433
9007
2189
9921
9694
9305
1497
3661
1626
2920
6315
6409
5432
5280
9465
6271
7697
8571
2933
1485
2746
5800
3036
5501
9297
8175
9953
5350
8867
4953
4799
4417
7464
2092
6259
7034
8624
6501
1561
1483
4854
2354
7723
6629
7706
1363
3503
494
5274
5707
3106
4034
2841
3709
4566
7338
7792
6742
5529
8277
5027
8454
6549
9464
2440
9931
9197
4683
9528
5346
9670
6581
5046
2276
399
8047
9516
3276
2576
641
7452
5632
2345
6687
7147
2851
1176
4452
2406
4165
9785
4832
2959
2229
6463
9980
1508
8223
8947
4930
4731
8554
4397
6785
3282
7335
8547
9291
5755
9772
2929
9451
3144
1103
5717
2878
7185
7081
7580
4993
4206
6991
6312
9412
2177
6410
373
9207
4090
8592
2327
1163
625
3531
7758
4819
7147
6522
9674
7357
4698
5680
6226
7301
4333
5489
2368
594
4775
3444
7619
8922
6153
1869
9215
2920
3640
2267
392
1869
1393
3892
1768
4442
5579
4008
4690
2113
8762
651
4058
1675
9469
1869
1416
5993
71
2940
8147
1621
8826
2736
3076
7227
6474
5368
6594
5222
8396
5417
4215
5970
2358
7403
4208
2400
4397
7092
5738
1973
368
1607
4252
7913
3701
7488
9518
5648
3257
3996
4454
3733
4616
4900
1947
4743
9
1060
6445
9523
8808
5049
7867
1657
1542
4311
4817
8047
3376
3055
681
6378
8700
4638
4967
931
4368
7093
6304
8306
8787
4291
7165
9661
6072
9133
8353
9932
5532
6453
9168
9676
2843
7820
8590
9348
1905
8909
4906
7061
6989
6036
7258
1256
4001
3396
8709
613
7977
6220
4636
942
7533
4773
4089
6883
1165
6455
4223
6258
4430
5532
9970
1305
9072
3730
908
3221
715
3571
9618
2808
8584
2616
4936
290
9146
9011
1320
3423
9689
9280
6921
4652
6680
8419
2953
1424
9766
8483
910
9328
7232
1254
3644
5612
77
6470
3470
2205
4358
5440
3689
5089
1251
5703
2476
4480
3214
8584
2550
6876
6081
1813
3322
4577
625
5404
8637
7721
5065
560
3044
2211
1723
805
6357
3714
90
3699
4981
4164
7828
4274
7566
457
7936
8252
5816
1266
9719
4064
6964
2213
4576
1492
7579
5124
6670
9568
4723
6801
7615
9975
7826
8671
3995
3344
6231
8481
2238
4058
6002
7939
7859
1055
5120
7606
408
2308
6750
3476
3353
8349
1404
9287
7723
3818
4792
6886
2383
7974
4022
3034
9220
5290
5243
4268
4956
31
1137
1409
5735
4326
3789
7656
3610
9380
6349
8140
9938
6007
811
5264
9790
6023
4302
4259
4549
4177
6713
5788
4308
3844
7803
1502
2157
7559
9942
6449
6035
4519
4369
8523
5531
1947
5154
826
1776
2380
2449
635
9498
7647
135
6983
222
5743
3311
2904
4356
7222
5815
775
1320
8694
153
7759
3803
195
2206
463
4793
9383
1631
4064
552
3202
5819
1803
9481
5977
3752
7306
1405
9896
2693
6271
1082
5380
9683
2472
7776
3007
3356
3698
4429
8949
152
2213
6217
9904
9223
5374
177
2602
5499
2061
2976
9036
6084
3484
6555
385
2745
6189
1759
9006
1217
1357
9129
554
4482
6159
940
2489
4023
1185
6028
1828
9958
6049
5372
3442
4828
1633
8405
4562
2628
8272
6908
3530
1384
9087
4165
6780
945
6284
5564
9562
7712
2566
180
9151
9817
2082
8535
7498
6625
1955
3508
9783
6406
2618
5627
2767
7978
8113
8596
597
4596
5303
6681
1888
3689
6428
9426
1546
6502
4573
5294
6951
8093
7289
1098
5104
5351
2154
481
7929
8533
3398
5824
9232
6720
5854
6356
8020
4704
9621
3568
4943
5899
5723
2298
3784
5429
9788
8089
4795
4825
49
7055
6092
5576
885
2300
8778
298
7005
7356
2439
2197
6860
7986
4988
2474
1008
6481
181
5700
9093
6039
7932
8233
8516
2108
4701
5093
7914
6081
8097
6129
454
4540
5538
6248
6108
4969
3194
102
2515
2311
3304
7708
8227
1887
7533
6211
2081
3986
388
1784
6831
4095
4405
5105
3786
472
4615
2603
2707
6608
6419
8484
3809
4840
8168
106
4247
1175
5427
2209
1090
9017
8913
8093
1014
4085
8647
1570
8032
6821
3733
4442
4159
7083
7230
3055
8637
2039
662
5226
2956
4325
517
969
8179
165
2354
3124
2018
4694
1580
4077
9600
6365
5348
5303
6204
1490
9584
3039
515
4855
1726
1307
2402
6787
4436
5943
2303
5238
306
9836
8165
6013
4405
6247
577
8569
2288
6003
1151
3270
2096
6999
1883
5655
3646
6567
5143
6250
6534
2458
5618
2357
3224
5253
2262
6781
7397
4693
3066
2771
1365
2439
2008
6705
2821
6637
2322
83
8111
8466
4238
6643
5117
4439
1693
8787
5940
1120
701
3475
1775
3992
2829
5171
4523
3837
4256
996
7893
6871
2119
214
6244
9507
7746
3029
766
6423
9381
7275
5830
4485
4289
7821
5824
5800
8415
6941
2852
177
2145
973
1626
3984
1217
4063
1904
5158
9625
3044
3771
4593
2015
7015
3876
7337
2156
1634
6386
8710
4449
8679
2196
1495
5781
4507
6067
25
8326
805
3228
2856
1358
9953
2587
5618
4203
61
3941
9463
4813
1967
6047
6336
9614
7528
6666
5273
5591
4996
9535
412
4169
5582
1293
2892
3115
8447
3576
2133
5443
7509
6799
9144
2137
4803
8061
2774
2173
5400
4412
6620
1985
5865
503
7500
9656
1460
4495
4461
2056
5052
5493
6714
6363
2620
1372
4088
2206
4347
9417
2860
53
377
8697
7717
1307
4462
6917
8675
8423
3793
6369
9121
272
3792
7018
671
1932
820
1935
8923
9673
4021
5917
2885
5257
1093
1604
4870
954
2418
729
4937
4025
9210
2251
7097
3043
6213
9094
7414
5873
3054
9392
182
1788
3171
1872
1499
2789
1579
6341
5148
2743
7584
7734
1441
1206
8319
4853
3071
4419
1152
634
2603
1323
6745
3248
8335
7311
2624
4092
4799
4040
4989
9395
1006
4709
4928
1153
5892
4431
3534
798
5331
8511
3091
1116
2254
567
574
3794
3683
3276
8562
3837
5388
8985
5042
8350
5041
6053
1774
2827
6241
6773
9576
8076
1692
6603
2739
8490
1786
3460
3883
4503
6649
6812
955
46
480
3692
7058
9594
8404
354
5946
3258
9726
998
9892
6979
987
9851
4497
1523
746
9855
1084
2958
7386
156
1832
1456
3196
115
8968
1045
1360
8144
8719
6547
9296
1294
6310
2167
7162
2213
3228
7425
4884
2786
4379
7170
1137
1984
1813
2246
4720
9082
1747
9556
530
1901
9692
9300
1378
2482
8224
2151
2609
7218
5995
7160
3354
5345
4259
4699
9283
3859
2932
2404
8379
5224
7516
5095
9079
9958
8209
8035
4650
6655
8968
51
7739
9205
5294
3399
2785
1043
8744
8497
2728
1096
6499
3186
3969
3268
9934
685
4328
2271
5549
286
6217
3997
2317
9925
8033
8174
5822
8080
2423
3515
133
6224
8242
9073
3553
7651
3760
4684
8555
5740
699
5335
1036
9005
1411
5426
8508
7315
3505
8222
7959
1068
7497
7018
8503
4093
3816
9671
2272
2900
425
3164
8615
6657
3059
2963
4597
2750
4879
5300
9663
6928
5376
6315
2649
3418
8394
949
1720
5728
8786
6830
7309
6620
253
3140
7764
2751
6027
8745
7500
4862
6875
2877
2232
9102
4738
6426
974
8984
2524
6873
4821
2702
9928
3550
4395
9031
37
6629
2988
2587
7073
2282
2591
475
253
5397
9616
2733
6846
4091
382
5600
8764
3735
3758
8901
5172
7877
4685
4290
9881
9314
2070
4420
7042
7310
1061
5111
1255
3828
4189
4185
5633
8909
7286
1767
1376
5355
6674
7983
9712
589
6890
8514
2848
2028
43
68
7778
5827
3267
4180
231
2464
2909
3198
3704
7640
4943
5218
1378
3430
7408
865
8091
7149
8706
1087
5510
6512
7083
534
69
7889
4026
610
5095
7447
912
9553
2868
1732
4114
71
3276
1260
2917
3485
3001
1928
9617
6314
4224
9105
2192
3736
6282
9328
9065
2440
7614
4546
5023
965
3669
4289
5935
5583
8533
9224
8170
9008
6306
9072
9756
4828
1066
7481
1481
7564
4330
8320
7261
9235
1586
8115
4404
6600
1022
7104
4771
2921
4827
2560
5332
8448
3589
1917
1056
8555
2084
7605
4622
2196
8605
2012
7668
9212
2439
5072
2600
4449
150
5764
7167
6626
2608
9321
4318
1054
6248
7242
2156
7707
459
1997
1469
6298
3403
5043
5662
3898
7446
2239
2698
223
2098
7724
653
4065
4768
1365
8730
4423
6108
8898
8395
3897
6272
2760
3259
7006
7567
2669
8871
5441
862
4167
1192
7634
4779
7662
1718
6181
828
8843
1272
8130
1908
4917
3120
7846
3055
5790
7089
3257
1842
4002
905
6447
9570
9778
4126
6555
9204
9225
1142
5403
2176
6449
6151
980
7332
9904
9490
4286
4203
9034
2500
3932
6776
8254
7012
174
5193
4932
3034
552
6533
5113
307
9781
9778
1862
8577
9197
5583
4574
8926
6452
2665
8900
396
9147
830
438
6631
8195
4533
3560
7091
7559
9012
3505
8497
1084
8872
4761
6030
7904
4076
9725
622
116
699
5896
8460
6705
445
6198
773
4980
7410
301
3880
7098
6587
3884
3479
5451
189
2352
9099
8142
1111
1284
3453
3809
3843
5338
4909
6459
4623
717
1361
1430
408
5880
4060
4505
2715
4707
3628
7557
1102
3800
6114
8433
1135
5878
933
1147
270
8587
1883
6202
4914
4805
4149
588
668
6848
2857
6814
7257
6691
5368
9794
7298
4162
4373
8758
8330
1268
9569
3182
4021
8642
6395
8552
4577
3979
3640
5281
28
8199
7310
5797
4803
815
7371
5634
9512
5947
5290
3746
5523
1824
1312
4290
2300
9069
6914
5923
1647
3485
140
2887
7751
610
937
3955
8498
7720
2671
9703
7921
9870
4766
5029
7264
4862
4656
7516
1832
9453
9950
7895
8650
8471
3152
6574
8071
2798
3394
2791
964
2450
288
9664
7540
9983
1207
8379
4026
803
6316
4418
2771
3218
6861
4276
8422
9490
8453
1622
3405
5456
805
344
7916
2518
7352
3731
9383
9982
9949
1752
4751
114
3501
7319
1237
6863
6532
5496
805
4010
9409
8090
5477
4700
7064
4371
9438
6027
7205
14
6451
2472
8500
3400
4453
8017
8291
9684
1910
3139
3103
2503
9297
6249
1605
8050
8734
8404
5013
9986
8195
9231
7480
9280
6824
1229
8201
7974
1729
2584
8242
2982
3468
6426
6823
5138
216
58
920
5541
119
4183
4085
499
9041
3986
5195
8331
3766
3786
1490
8087
7051
1314
2513
4994
2209
2917
2555
4763
1646
8482
2045
4008
5768
701
5579
7022
5242
8832
6532
7818
7072
675
320
2331
5396
3083
580
9947
2993
6000
3988
3685
4191
6404
8485
1097
1200
9362
2502
8512
4326
8963
5766
7577
7731
8994
8136
5552
4250
3505
1672
3100
81
6894
5271
5195
3217
9061
9417
7396
4831
2699
4089
2310
7162
9443
8548
9648
5983
7021
9350
7994
3861
4186
9359
5522
9277
5418
837
3299
2942
18
2208
9749
7725
697
4594
9330
3514
103
8308
5303
6969
9956
2778
811
5480
4124
9040
4477
2161
5107
8137
6212
2285
7573
336
387
1600
1369
7569
6424
7366
1463
8996
3418
2674
9907
5548
8765
1561
6489
8964
1027
5706
7856
5649
2138
4258
776
1138
3010
8302
7185
72
9300
4411
6156
3197
4931
8011
9751
8673
6480
6003
5151
6963
175
6502
8398
770
7913
7305
676
3492
1492
3399
5161
5928
5819
3821
2007
1928
217
7805
4284
9736
1729
617
623
9309
9712
3827
3264
6865
9899
1877
226
8055
2756
259
9255
5065
2915
4639
5578
3623
2599
880
1058
8964
5321
4210
9640
5860
6071
8821
1534
3461
6282
9306
8651
2682
3682
9408
8642
1389
1953
8087
348
4452
7491
8500
2995
826
7633
2353
9564
7210
7871
7886
9302
5007
9553
3962
42
803
1459
4747
4194
6557
6430
1235
6030
1390
7271
8004
3587
3217
4783
5354
1047
7692
7122
6468
7626
9162
1666
3102
3191
242
5392
1426
6265
1971
3101
111
1666
6768
42
7060
3611
6683
8833
2079
9542
1058
6909
6492
1561
8788
9927
6976
9955
6114
6887
2241
3119
1544
4431
2100
2098
5832
855
2925
5798
9935
5844
8273
8448
8397
5183
9903
1419
9109
1389
5371
7590
4987
4843
8885
1009
4065
2973
5318
3877
3348
5171
8963
6537
5350
7812
82
3713
8802
7445
175
8262
3149
2225
9209
276
9223
2497
1593
7914
466
4704
6967
6071
3478
3232
9253
7919
6200
8985
2594
3418
4310
8876
7080
3727
8543
5708
9277
889
5611
889
9755
6179
4842
441
3947
4079
7020
7452
823
626
7807
1082
2317
8681
6911
944
1582
5846
9784
5017
5732
9530
9008
5015
7106
3873
5007
3038
4851
3713
358
4675
1244
9531
8156
6473
8939
2131
189
902
1633
7143
9375
6734
1037
5252
7904
8554
661
2001
6365
3405
2103
1652
344
8187
2855
2451
1938
1336
6579
1399
556
8682
7535
3802
7730
8562
4300
3247
6477
8961
1591
8634
6325
4491
6360
308
4068
3634
2175
3114
3078
5533
4465
88
5391
8481
3115
3824
6882
4800
4619
9942
2634
3852
9899
2647
9280
9180
9493
5314
3335
7561
3582
5611
1892
7931
4915
5686
3165
9192
1840
1555
1981
9346
2167
4694
4332
5590
9946
4919
5563
5955
603
5409
1314
5385
2694
2321
8931
2430
8341
8022
6793
5393
9717
9209
9287
1214
621
8819
5819
6042
4439
2067
2664
4634
2341
4767
6092
8140
4750
9819
3788
2063
4647
7026
5325
7706
6384
236
5906
807
7729
4841
6818
2621
2295
5130
9203
1342
92
7148
6945
8902
9720
406
8345
8466
2336
560
5610
5247
5006
2996
3313
8093
4218
5012
2058
1844
767
596
5539
820
7904
3899
7936
6934
828
1804
2487
8790
6810
7639
7797
4067
1189
5483
6916
2371
5355
2848
6812
5853
572
9634
2451
9317
1541
7893
2146
145
9705
8550
2644
6043
1334
7543
1809
7470
8497
3169
4450
9789
1902
1608
5003
5144
8572
4127
9662
5436
3618
4468
1584
1181
2862
2518
2626
4525
4071
3882
8602
9318
4194
7193
5504
6706
9761
2322
5689
8824
8078
6343
2156
5674
7618
7327
5360
1141
158
2028
1192
9039
9486
3812
9544
2556
9780
6751
9796
9193
3830
7095
2993
5659
9233
502
2975
4510
717
3173
8212
4873
8283
2728
7139
7351
4244
8727
4619
2247
8440
2989
4789
8315
9478
6010
3839
6402
1842
8895
5162
5934
6721
356
6090
1038
5469
2143
8295
9155
3282
2837
4325
8387
3607
4211
7817
3903
7652
7827
2021
9461
763
2431
7121
9476
4909
4945
7834
3180
9738
8508
3199
9904
985
3312
9460
9738
1233
6304
9863
5212
6612
2325
7277
1345
4531
9811
5110
2409
240
2615
3067
901
370
7751
4118
3416
3482
9626
5654
5936
2062
8444
6524
6304
1360
5762
686
560
5689
7667
835
6802
9950
26
6027
1324
855
4728
8750
8679
7190
1292
554
2172
1521
3846
1062
9642
6569
9667
9158
6269
8544
6752
4624
7177
9080
8470
5116
2623
474
9197
8903
3537
4538
8418
8774
8396
2195
8934
303
995
3508
692
2050
7054
1388
9975
1468
5085
506
3704
5446
1399
4101
6401
6863
6716
6720
6930
3702
7479
3368
8557
4055
4528
5442
4957
9836
1204
1595
6048
8723
6203
9250
3856
5207
102
8381
5031
1482
8434
3779
6127
6765
1208
9971
1322
1459
119
9461
525
7099
7345
3302
609
3898
9408
9283
9735
2694
1026
6857
2273
4214
6284
8509
8622
4816
1415
8968
8650
8874
780
618
4617
1726
5824
1810
5140
6753
3090
4063
5438
6159
8249
38
6266
6901
7125
7915
1863
5722
7325
1818
658
5666
7872
1227
8556
3939
2631
2488
1379
9557
3673
7064
9611
4472
1356
8129
2352
3890
4598
8872
4405
7017
3009
5721
9553
4807
8518
5129
446
4601
1496
641
6318
6022
5225
4259
7226
9247
6259
5545
7124
7191
9335
7785
641
249
6624
8826
2057
9739
5873
9811
6468
7092
7875
5287
914
2854
4322
6308
9921
5974
3267
5625
8406
4788
738
9401
4259
3238
645
615
6982
9944
2725
7092
2606
8638
5098
5630
3870
7817
4675
3584
8032
1122
6948
9063
1032
4248
27
8512
9116
2146
7172
3985
8022
6530
8591
9093
89
8065
5946
7664
6076
1473
8805
1928
3143
4326
8196
1702
3066
7633
5658
3914
3386
3779
596
9177
180
397
8202
4702
3320
9583
8244
5539
7362
3464
5421
5093
8041
3917
24
6685
9399
195
218
3183
5903
2607
8811
8899
8952
2223
8230
2501
1229
3806
3097
5477
6566
564
864
3115
5781
1227
4505
3272
1619
8393
7278
3307
8713
1738
2323
1583
6472
2364
7044
8949
8983
9755
2622
1608
5739
7472
6553
1066
8265
9860
5613
435
6085
4668
60
7936
9756
8515
9570
4960
629
1288
1417
1622
9153
5176
5060
6224
8907
7339
4809
2014
578
2393
3701
29
9872
5364
6005
6585
9647
7710
686
5321
7835
5091
3892
2301
3776
8032
2802
463
2916
5112
1114
9076
6987
134
6279
2621
4536
309
5542
8337
8656
3032
9832
3946
2492
7482
3511
2807
1697
9147
2269
7984
5122
1984
9154
4663
7459
7251
8195
9091
6451
7836
8523
9487
1634
7977
6514
6116
1724
5497
1451
2166
3800
2787
3670
5737
3988
7605
611
295
9502
6846
9101
7343
6231
9573
2054
8858
2890
4679
3686
9245
5602
3570
7138
4488
836
9939
936
4780
2408
7416
7654
8683
709
1133
4737
700
4096
6414
1747
3646
4317
2506
9322
1732
5862
5203
4427
6949
1884
3134
376
5708
4554
8646
7086
189
9594
9520
2572
9982
7657
751
7952
3163
1733
1463
3732
6744
6702
8169
8474
3223
4091
5025
2578
6597
3216
5286
747
3525
197
996
321
638
8656
2504
4176
4506
4115
870
5441
6210
9775
3394
7689
9595
7746
5782
718
208
9991
8874
6966
2093
4734
8770
2278
1979
4908
9000
5327
2108
5786
9152
987
664
2396
7062
7659
1702
7402
5975
4713
4016
6171
3753
4382
4791
2283
5359
7182
1362
2349
2679
2968
1001
1990
7254
319
3005
5007
1129
1013
5909
6299
1655
4880
5367
2998
3690
136
2761
9938
5172
1226
860
1249
8470
9174
18
2299
6368
7771
9810
7519
8462
9180
1041
8331
6126
640
2936
4563
9907
8218
2936
4634
3363
4748
7625
3638
5476
6308
386
4937
9454
8124
7709
1882
2005
8108
2503
2734
2768
4480
272
3716
6001
4997
5072
1347
592
2681
3976
3597
8792
2871
9092
2619
3348
3702
4755
46
9528
1545
3003
7182
7755
4224
7877
2407
7312
9026
6490
2923
3951
1113
9253
8300
6146
9451
6534
1167
5825
9857
7895
7397
889
3854
2091
9349
9554
7712
8970
3010
6851
6359
9134
445
9963
4473
6735
3287
903
4521
7227
3042
477
2950
7458
2056
3960
1801
9971
8441
4372
5230
1335
3288
597
9617
4840
4438
3489
3634
9891
2050
3443
9087
6962
7691
3038
8466
5243
8204
8296
1455
6052
6717
1769
2177
9519
1464
1515
4882
2143
3740
9695
6498
2024
9137
6566
2207
2970
5422
4942
9871
6391
5473
1443
326
8504
7770
2812
2757
4042
1404
2974
9981
2782
2916
4459
1377
8590
9933
4339
7732
6458
6313
1306
2272
2305
8073
1284
7647
773
3962
9949
1469
3411
8359
5683
2819
2937
7577
9400
6754
4741
3197
7037
16
1990
6437
8829
2831
198
5302
7948
6449
8612
5976
2692
6952
9218
6110
7089
8090
6181
1072
4935
9107
7283
1046
862
4613
5700
8306
7772
4062
6917
150
7793
319
5
7172
3103
6321
9038
2721
1575
2062
3983
4473
6435
1549
4025
4189
8591
5473
1509
4044
712
3326
3192
7516
8698
7080
4362
6173
5117
2382
5678
718
4541
8725
739
7493
2030
3235
3840
6050
4887
1074
5651
3153
7314
7879
4731
3288
1820
8041
1537
9184
4861
1709
4063
5604
3635
940
3723
7546
2358
8722
5476
3816
380
5540
8712
5856
952
9367
8822
3512
3165
8729
648
590
5358
4244
3958
8005
6625
5412
4664
7419
6327
1539
3376
3551
2279
8130
4228
3327
7773
6268
9446
9092
237
7817
8846
6095
8299
9581
9920
6857
1983
7582
9147
694
6931
8119
7856
2916
5901
758
4333
4062
783
5528
900
6618
3606
8610
2425
3573
8698
3305
8730
3470
6254
1845
8782
7523
3423
6112
9354
4929
3790
2526
8144
3666
3877
2091
1908
3563
2947
7985
8663
6566
4942
7802
7400
5361
5221
4319
1106
78
2634
176
7699
150
9069
7357
2363
6930
7307
330
4797
3568
7372
1981
2183
8531
3054
9461
1322
744
5732
9172
7083
2297
7396
276
5965
3358
4385
777
5079
6315
4169
1227
6759
9399
6051
603
2401
174
7978
3939
929
2078
9454
3631
4839
464
3211
6752
5826
2025
1913
2768
9605
364
2492
5760
8821
3591
1066
3349
7254
8203
1357
7787
46
8597
6085
4957
6171
6191
8543
5989
6149
636
2517
4437
5063
6533
717
2039
4091
4240
4607
1542
1030
5067
9880
4189
7842
7659
1698
3003
3391
6735
1594
1970
5595
1476
2316
8060
3989
4303
5736
8894
9504
9800
355
2354
7280
9736
8762
6752
550
2439
2935
4401
7167
2019
8892
4306
3331
2500
7013
9379
6358
6543
3738
3211
418
2935
3154
3796
9649
2238
5169
8967
5853
8342
939
9817
7759
1451
4151
832
6724
7969
8727
4526
6531
7935
4428
9452
2674
3613
2614
5049
525
6996
8596
7720
8636
4306
5017
6334
3959
1448
7364
2827
9209
3545
296
6646
5300
6938
9270
1723
9049
8121
6171
5096
641
3804
5366
9168
698
513
701
8579
8650
7296
2564
6164
2636
6560
3360
3819
6547
6962
2874
2745
6500
9953
4246
5568
7198
2778
1114
2999
3515
6371
7459
7053
7599
3489
1353
2472
2553
4591
2506
9357
9598
3444
6089
4864
2654
1108
6188
3529
6096
18
3538
1310
2649
7476
7252
3886
9030
9854
4609
8873
8709
1903
2881
5804
3945
6944
3064
1684
7742
9515
3914
9240
9917
4510
2369
8739
5495
3066
7352
8589
9512
8102
3598
5593
8771
9209
7652
162
9185
7177
7855
5575
5972
7247
5325
3445
7699
3385
8961
1722
4298
5339
8364
6221
5003
8502
1309
8013
7898
1545
1199
379
4954
4036
4560
6938
4279
3638
8531
8602
7797
1846
6374
8095
9614
5908
1367
6460
6766
1710
851
8470
4690
560
5707
3230
9992
6800
8071
3845
1181
1624
1318
6537
133
2177
768
8917
8250
9031
6056
5246
6330
1767
7705
2614
1027
4635
229
5057
1476
3227
7779
4527
4369
7992
9959
9794
6269
5341
9693
5973
8949
3177
6763
5861
6799
7487
8496
4330
2166
9161
5740
5646
8710
7081
5952
6580
6443
8346
270
6763
3813
1943
703
3073
4577
5832
8423
9430
1556
3694
791
1182
9963
1317
8793
724
6325
4837
8434
7957
5654
2728
6162
1321
6332
1238
4674
61
3311
7490
4568
2646
7911
532
9850
2656
6100
2492
4815
9141
4173
2167
479
7593
1807
7860
9460
8211
5518
8334
1020
2162
8870
7008
7358
3269
9366
4668
4349
3027
5535
6813
6417
927
8267
6621
3116
9956
5048
4723
9649
7215
7938
3366
4077
2240
9244
9359
1198
4620
4146
7733
2105
2734
3058
5270
5185
912
8432
5270
8025
9297
2187
2928
8773
8210
4994
1194
3206
8758
3584
6627
1994
4336
4758
3936
4082
8892
181
8455
8380
660
6799
3976
6104
5384
7656
7025
6366
2974
3328
2709
810
6350
4085
1614
2253
1822
7822
5628
6371
2753
7712
8782
4221
9133
4855
8301
759
4232
8552
7719
2085
8298
2795
6189
1705
4168
8291
5531
3015
9156
2087
7104
5174
8664
5015
5170
5619
2257
4747
3831
9276
480
9219
2565
1960
9049
5174
6131
5455
853
2896
1124
8882
3043
5565
2364
6036
6993
2144
9757
5623
4506
2194
7762
1849
7397
6308
9444
6126
5539
7196
7933
3910
3138
3639
2548
2319
1381
588
5599
5688
4840
4047
6666
9227
9823
1437
5871
9248
9455
6545
582
7184
1988
551
3421
5585
4556
9189
2830
1234
9300
4246
1286
5868
3194
6578
6494
1624
7824
9375
8562
788
2427
5179
9237
6308
9380
1031
3004
9083
9502
5820
4311
4521
1824
9642
3849
3234
1090
7303
2303
2666
6763
1715
2319
2109
8589
3931
4039
5118
930
9582
2111
7310
4380
3772
6718
6844
4039
4259
4586
6147
9412
388
6600
7259
8082
783
4046
9883
1242
1198
3202
6205
2815
671
9879
7385
7632
4327
7783
1456
6852
8080
7730
7109
8688
8309
4558
8065
8395
7103
5278
7795
7866
304
6127
1258
2827
2619
7833
4127
7568
2575
1151
5446
3471
1771
1464
3471
2341
1122
5536
1838
7461
6785
2413
4589
6344
4248
9967
5403
1134
3137
4781
5146
9346
7333
5309
2091
2662
1489
2485
589
3732
2356
7026
6439
6259
8289
9978
613
5926
9670
2669
9265
7050
16
6004
4039
2174
3312
6022
8193
540
8130
9084
4637
4550
9547
3068
2857
1592
5976
8972
1441
3885
3669
5542
4315
7634
7963
9901
9678
1126
7627
3233
8046
5308
7011
5446
8401
9479
7091
6224
2622
3703
7711
1099
9305
5598
6498
4131
9667
849
2046
25
8298
6276
2136
9126
7146
1969
9526
7056
8086
3874
6564
4255
7300
7090
5480
7726
7767
4889
6721
6021
4591
1287
4322
3124
5069
880
6273
7443
2551
5861
5959
2076
3912
1253
5511
1030
8665
5669
1284
8219
4784
5809
112
9043
325
1772
2851
738
1108
8148
5404
2412
4434
1526
6948
3468
286
5022
3069
1014
3065
1560
533
6113
1804
2385
1392
1402
863
7221
8489
1744
1675
4037
269
1050
4878
1286
2077
1893
1658
857
2536
1697
9267
4096
9222
3886
1760
721
2246
835
9610
2273
5884
7810
5510
4646
3955
6522
5015
3447
8505
1086
4662
7525
7294
9598
6707
6710
7855
8208
7675
4534
4941
3972
471
7621
5512
416
809
5640
6408
4542
8267
6881
8312
1276
5247
7131
1837
349
3186
4953
3321
7290
57
2611
654
6280
6293
7141
735
9097
8876
7025
2759
6470
3026
7340
9399
8134
1491
5338
8152
9925
928
2497
2621
4461
8325
6692
9478
5408
2706
4157
1312
1766
83
6208
4727
3235
5487
2404
1681
2425
2753
9831
9111
7437
7478
7709
99
9863
4296
9729
1771
802
9544
2722
667
5315
337
4244
739
6885
3812
7373
5573
9264
4759
3660
9429
6728
1796
4066
3199
2735
2410
2122
2149
7579
6518
919
2124
7035
421
9185
4240
2927
5944
8510
870
6576
6058
1714
7882
3786
6881
1088
5584
814
2064
4782
3680
8327
2642
4413
2584
4148
5112
1808
9526
5422
2872
2620
9455
9149
8737
9139
6745
8830
7069
7711
1275
4271
7957
9167
1979
6704
5035
9898
6693
6324
6703
8993
5819
6602
1461
1142
7654
7052
1623
6135
3693
8310
8480
5424
6471
9723
4825
6596
8121
1021
5328
7764
1473
7491
7349
7610
2048
9113
6617
2642
3274
8700
3789
9937
1727
3561
6235
4422
8735
7751
9645
5762
8465
7791
2677
5229
6667
1246
8455
2614
9911
1894
2245
3522
9059
9066
5854
2625
1515
2759
1286
6875
1966
9015
7727
4717
875
8000
2974
557
7463
775
5041
640
7560
738
9430
3229
5209
7766
1361
3622
4746
1651
9388
6700
7151
312
3896
2267
1860
9247
7787
7971
8551
7173
3898
6171
1359
1027
1711
2234
9512
9824
697
3741
8354
8567
3544
9506
4991
2541
3495
6601
9094
2892
696
5824
9848
6892
1804
2058
369
7916
664
8867
6463
4272
2780
1284
6006
6186
1813
8375
7156
4801
4334
3646
56
7391
1443
6160
7611
964
9573
8034
7578
3948
2842
7268
830
5961
5035
4914
445
5095
7693
4025
936
9055
7380
8731
9402
1788
5040
5228
6133
9634
9145
2191
5472
65
6099
6402
9357
2426
8420
2870
3386
2103
3133
7430
6062
9452
3307
4651
8669
161
8409
2247
3840
4583
7042
8588
4664
1040
1687
2784
9824
2416
5593
9711
4581
8627
1543
1766
4582
8261
8611
5792
8078
2688
5310
7482
2679
3666
7597
1371
3390
2070
7086
6053
9067
4312
6601
6093
5368
964
7798
8445
4856
4206
2207
2932
9435
989
4341
5046
9382
6109
2284
1610
3331
8422
4823
9383
2197
1666
3453
6259
648
3527
761
2062
2634
1089
296
7094
5210
923
138
6471
1582
6579
5514
2861
7978
4127
4683
72
4359
3546
1645
8501
5862
9447
6229
4824
7044
6553
3732
1732
8467
5878
2626
3181
1356
5751
475
5476
4963
9849
9470
9341
2525
5851
869
3206
6450
7998
7900
1639
1119
1584
7100
8412
6728
2336
9210
2462
1494
2503
3797
8899
7244
4752
5400
555
350
8678
2461
8155
3502
9674
1946
8750
9409
5048
1087
3552
8219
4141
4085
2607
7289
1573
8136
2030
5110
9400
5273
5051
4191
7252
2579
7011
3922
6979
234
1781
6521
5731
7127
8010
6857
2266
5355
3373
9454
4235
5764
6395
5305
4220
3722
304
6989
3842
9746
1951
4360
1596
3236
5662
8746
5995
1540
7527
9638
5439
9819
3066
5593
4970
2761
9280
9973
4238
2908
3180
9773
6041
8191
6995
5124
810
9567
259
9572
9981
5694
4859
8820
687
3287
86
2317
4944
56
8865
8117
8342
6533
6197
8927
769
5711
5210
6490
9035
9838
9837
182
1254
564
4633
5508
3565
4809
8840
3081
6510
9111
4338
2139
1092
7214
4844
6685
1727
4499
4800
1427
1885
4038
4927
1686
8679
9744
9832
8100
2401
6572
5028
7134
5182
203
2365
5697
658
8203
5095
3789
44
1659
4186
6747
1396
4477
7668
1108
8055
2477
6822
5310
1141
6144
4606
519
6770
1852
5761
6170
9198
4170
898
1914
7340
6337
6262
4914
532
7690
7424
5814
5602
5792
2323
730
8331
7706
4540
5641
4747
3154
7743
2579
7297
9713
297
6152
5180
7573
6041
8098
4157
1669
3781
8514
5104
3897
5162
6987
3891
6615
4608
4782
3303
6000
2724
1982
9899
9658
1618
4425
6540
8266
5694
7732
4890
6209
992
3307
1250
2425
9922
7372
1872
1844
9876
9820
1645
8646
2291
6925
1714
6423
2394
6185
5377
5785
6484
5349
3152
1158
623
3414
7293
5753
2782
7893
5702
4507
2044
3070
4898
9808
3725
8283
8626
6175
6330
4767
7160
9779
6676
2364
4095
3816
480
4197
2589
5105
1559
4438
6666
7048
7925
553
7003
4062
4758
1187
8408
5092
3231
2211
6549
8479
4889
320
8072
4754
2280
209
1255
1173
7728
635
6858
2847
6070
3283
5924
8523
8729
8620
76
9520
3302
294
8810
9422
2453
9610
4435
8829
9902
4633
2895
5028
1179
7205
6121
2224
7000
2520
1996
3661
3452
9605
3779
9389
4679
6850
1823
8666
2187
5351
6323
9230
4667
4434
6709
3778
4702
7680
7702
8036
5504
9854
1785
5703
5438
2209
8252
5700
3314
9363
7432
8050
792
4727
274
1837
9334
3975
5581
9
4633
1994
9682
2104
4374
8763
6318
2867
574
8804
6916
859
2082
8635
8512
7472
1496
239
7234
3480
5199
8314
6795
3244
4022
1945
1722
8504
4425
1076
2346
4886
5447
9733
7992
3873
1849
270
8810
4358
5776
4212
3570
9410
225
6927
4953
3714
5709
5400
6395
520
8135
4815
1636
7274
1560
7648
9622
6380
8029
8778
563
8225
7210
2444
5428
5078
6028
4407
577
1111
7774
3081
2542
7957
4135
471
4840
723
601
2404
2983
8306
9162
7364
7775
4052
7090
3587
3132
2238
6209
8665
4007
4659
4974
9685
6074
722
4262
7210
196
3457
886
7371
9866
6786
2219
9281
9849
4440
518
5525
7273
9419
5243
6603
3979
9155
1727
3314
8838
8787
884
9998
4538
969
257
101
3230
9320
5909
5532
6903
8377
6213
1357
3763
350
9752
9925
8083
6435
2077
3703
8655
2621
2274
5034
5697
126
6463
1939
9540
11
4006
6151
4702
4722
3157
4373
8640
3589
5591
1672
1084
6108
8332
5432
2475
9329
2630
7147
7483
1197
7787
7187
6467
4588
6479
4801
3820
2848
3252
2771
1162
522
8362
3125
5252
5316
6912
8714
2012
6249
1435
4196
5736
7477
6849
9709
6147
3512
1046
8084
1409
2041
8543
8953
795
5188
5132
9450
1561
207
1981
6926
4966
3763
3898
2834
9675
4981
993
5369
5850
238
9499
9223
4866
5812
5080
6796
8422
3513
4176
5700
3482
9967
4877
8071
5250
5423
9342
8678
9232
3388
7164
4302
5956
1700
6083
7584
6117
3639
8795
2662
4984
3838
4759
2094
649
9823
1517
3497
3246
5010
9192
2638
1166
7504
4535
5701
4913
7879
7287
4250
695
7462
6916
9268
7184
5986
3192
1652
3357
4900
4596
9627
9334
9351
1049
2310
9837
5726
2851
5104
7373
49
6564
7511
8135
9410
430
236
3684
1529
922
8991
2698
3344
8156
1909
7797
3764
5171
5261
2581
8243
2796
6927
6111
2847
3990
3318
4573
8793
5724
6402
939
4557
4109
3443
6100
713
6925
9388
9359
9180
4174
9783
4590
9426
6934
8925
9052
6185
1039
4451
2398
5591
8079
